
=== General Simulation Info ===
y_size: 14
u_size: 1
state_size: 4
iteration_frequency: 2e+06 Hz
diode_size: 2
switch_size: 2
end_time: 0.004 seconds

=== Y Labels ===
[0] I_AML1
[1] I_AMD1
[2] I_AMD2
[3] I_AMIout
[4] V_VMSw1
[5] V_VMSw2
[6] V_VML1
[7] V_VMC1
[8] V_VMp
[9] V_VMD1
[10] V_VMS1
[11] V_VMD2
[12] V_VMS2
[13] V_VMout

=== S Labels ===
[0] S1
[1] S2
[2] D1
[3] D2

==== Switch Case: 0000 ====

Matrix: C_diode_impulse_sw (2x6)
           0 -1.62987e-05    -9.68e-07  -9.5832e-07            0            0
           0  1.62987e-05   9.5832e-07     9.68e-07            0            0

Matrix: C_diode_natural_sw (2x6)
 0  0  0  0  0 -1
 0  0  0  0  0 -1

Matrix: D_diode_natural_sw (2x1)
0
0

Matrix: C_diode_explicit_der_mult_delta_t_sw (2x6)
        0         0         0         0         0 -0.998958
        0         0         0         0         0 -0.998958

Matrix: D_diode_explicit_der_mult_delta_t_sw (2x1)
0
0

Matrix: x_next_with_dep_A (6x6)
       0        0        0        0        0        0
       0        0        0        0        0        0
       0        0        0        0        0        0
       0        0        0        0        0        0
       0        0        0        0        1        0
       0        0        0        0        0 0.998959

Matrix: X_next_with_dep_B (6x1)
0
0
0
0
0
0

Matrix: C_impulse (14x6)
0 0 0 0 0 0
0 0 0 0 0 0
0 0 0 0 0 0
0 0 0 0 0 0
0 0 0 0 0 0
0 0 0 0 0 0
0 0 0 0 0 0
0 0 0 0 0 0
0 0 0 0 0 0
0 0 0 0 0 0
0 0 0 0 0 0
0 0 0 0 0 0
0 0 0 0 0 0
0 0 0 0 0 0

Matrix: C_non_impulse (14x6)
 0  0  0  0  0  0
 0  0  0  0  0  0
 0  0  0  0  0  0
 0  0  0  0  0  0
 0  0  0  0 -1  0
 0  0  0  0  1  0
 0  0  0  0  0  0
 0  0  0  0  1  0
 0  0  0  0  0  0
 0  0  0  0  0 -1
 0  0  0  0  0  0
 0  0  0  0  0 -1
 0  0  0  0  0  0
 0  0  0  0  0  1

Matrix: D_impulse (14x1)
0
0
0
0
0
0
0
0
0
0
0
0
0
0

Matrix: D_non_impulse (14x1)
0
0
0
0
1
0
0
0
0
0
0
0
0
0

==== Switch Case: 0001 ====

Matrix: C_diode_impulse_sw (2x6)
           0 -1.62987e-05    -9.68e-07            0            0            0
           0            0            0            0            0            0

Matrix: C_diode_natural_sw (2x6)
    0     0     0     0     0 -1.99
    0     0     0     1     0     0

Matrix: D_diode_natural_sw (2x1)
0
0

Matrix: C_diode_explicit_der_mult_delta_t_sw (2x6)
        0         0         0 -0.000995         0  -1.98793
        0         0         0         1         0 -0.516529

Matrix: D_diode_explicit_der_mult_delta_t_sw (2x1)
0
0

Matrix: x_next_with_dep_A (6x6)
          0           0           0           0           0           0
          0           0           0           0           0           0
          0           0           0           0           0           0
          0           0           0    0.999871           0   -0.516216
          0           0           0           0           1           0
          0           0           0 0.000499697           0     0.99883

Matrix: X_next_with_dep_B (6x1)
0
0
0
0
0
0

Matrix: C_impulse (14x6)
       0        0        0        0        0        0
       0        0        0        0        0        0
       0        0        0        0        0        0
       0        0        0        0        0        0
       0        0        0        0        0  16.8375
       0        0        0        0        0 -16.8375
       0        0        0        0        0        0
       0        0        0        0        0        0
       0        0        0        0        0 -16.8375
       0        0        0        0        0    -0.99
       0        0        0        0        0    -0.99
       0        0        0        0        0        0
       0        0        0        0        0        0
       0        0        0        0        0        0

Matrix: C_non_impulse (14x6)
 0  0  0  0  0  0
 0  0  0  0  0  0
 0  0  0  1  0  0
 0  0  0  1  0  0
 0  0  0  0 -1  0
 0  0  0  0  1  0
 0  0  0  0  0  0
 0  0  0  0  1  0
 0  0  0  0  0  0
 0  0  0  0  0 -1
 0  0  0  0  0  0
 0  0  0  0  0  0
 0  0  0  0  0  1
 0  0  0  0  0  1

Matrix: D_impulse (14x1)
0
0
0
0
0
0
0
0
0
0
0
0
0
0

Matrix: D_non_impulse (14x1)
0
0
0
0
1
0
0
0
0
0
0
0
0
0

==== Switch Case: 0010 ====

Matrix: C_diode_impulse_sw (2x6)
          0           0           0           0           0           0
          0 1.62987e-05           0    9.68e-07           0           0

Matrix: C_diode_natural_sw (2x6)
    0     0    -1     0     0     0
    0     0     0     0     0 -1.99

Matrix: D_diode_natural_sw (2x1)
0
0

Matrix: C_diode_explicit_der_mult_delta_t_sw (2x6)
        0         0        -1         0         0 -0.516529
        0         0  0.000995         0         0  -1.98793

Matrix: D_diode_explicit_der_mult_delta_t_sw (2x1)
0
0

Matrix: x_next_with_dep_A (6x6)
           0            0            0            0            0            0
           0            0            0            0            0            0
           0            0     0.999871            0            0     0.516216
           0            0            0            0            0            0
           0            0            0            0            1            0
           0            0 -0.000499697            0            0      0.99883

Matrix: X_next_with_dep_B (6x1)
0
0
0
0
0
0

Matrix: C_impulse (14x6)
       0        0        0        0        0        0
       0        0        0        0        0        0
       0        0        0        0        0        0
       0        0        0        0        0        0
       0        0        0        0        0 -16.8375
       0        0        0        0        0  16.8375
       0        0        0        0        0        0
       0        0        0        0        0        0
       0        0        0        0        0  16.8375
       0        0        0        0        0        0
       0        0        0        0        0        0
       0        0        0        0        0    -0.99
       0        0        0        0        0    -0.99
       0        0        0        0        0        0

Matrix: C_non_impulse (14x6)
 0  0  0  0  0  0
 0  0 -1  0  0  0
 0  0  0  0  0  0
 0  0 -1  0  0  0
 0  0  0  0 -1  0
 0  0  0  0  1  0
 0  0  0  0  0  0
 0  0  0  0  1  0
 0  0  0  0  0  0
 0  0  0  0  0  0
 0  0  0  0  0  1
 0  0  0  0  0 -1
 0  0  0  0  0  0
 0  0  0  0  0  1

Matrix: D_impulse (14x1)
0
0
0
0
0
0
0
0
0
0
0
0
0
0

Matrix: D_non_impulse (14x1)
0
0
0
0
1
0
0
0
0
0
0
0
0
0

==== Switch Case: 0011 ====

Matrix: C_diode_impulse_sw (2x6)
0 0 0 0 0 0
0 0 0 0 0 0

Matrix: C_diode_natural_sw (2x6)
 0  0 -1  0  0  0
 0  0  0  1  0  0

Matrix: D_diode_natural_sw (2x1)
0
0

Matrix: C_diode_explicit_der_mult_delta_t_sw (2x6)
       0        0       -1        0        0 -51.6529
       0        0        0        1        0 -51.6529

Matrix: D_diode_explicit_der_mult_delta_t_sw (2x1)
0
0

Matrix: x_next_with_dep_A (6x6)
           0            0            0            0            0            0
           0            0            0            0            0            0
           0            0     0.987629    0.0123708            0      50.7946
           0            0    0.0123708     0.987629            0     -50.7946
           0            0            0            0            1            0
           0            0 -0.000491691  0.000491691            0     0.974234

Matrix: X_next_with_dep_B (6x1)
0
0
0
0
0
0

Matrix: C_impulse (14x6)
0 0 0 0 0 0
0 0 0 0 0 0
0 0 0 0 0 0
0 0 0 0 0 0
0 0 0 0 0 0
0 0 0 0 0 0
0 0 0 0 0 0
0 0 0 0 0 0
0 0 0 0 0 0
0 0 0 0 0 0
0 0 0 0 0 0
0 0 0 0 0 0
0 0 0 0 0 0
0 0 0 0 0 0

Matrix: C_non_impulse (14x6)
 0  0  0  0  0  0
 0  0 -1  0  0  0
 0  0  0  1  0  0
 0  0 -1  1  0  0
 0  0  0  0 -1  0
 0  0  0  0  1  0
 0  0  0  0  0  0
 0  0  0  0  1  0
 0  0  0  0  0  0
 0  0  0  0  0  0
 0  0  0  0  0  1
 0  0  0  0  0  0
 0  0  0  0  0  1
 0  0  0  0  0  1

Matrix: D_impulse (14x1)
0
0
0
0
0
0
0
0
0
0
0
0
0
0

Matrix: D_non_impulse (14x1)
0
0
0
0
1
0
0
0
0
0
0
0
0
0

==== Switch Case: 0100 ====

Matrix: C_diode_impulse_sw (2x6)
          0           0   -9.68e-07 -9.5832e-07           0           0
          0           0  9.5832e-07    9.68e-07           0           0

Matrix: C_diode_natural_sw (2x6)
         0          0          0          0 -0.0479372         -1
         0          0          0          0  0.0479372         -1

Matrix: D_diode_natural_sw (2x1)
0
0

Matrix: C_diode_explicit_der_mult_delta_t_sw (2x6)
         0  -0.998692          0          0 -0.0479372  -0.998958
         0   0.998692          0          0  0.0479372  -0.998958

Matrix: D_diode_explicit_der_mult_delta_t_sw (2x1)
0
0

Matrix: x_next_with_dep_A (6x6)
          0    0.985063           0           0 -0.00145613           0
          0    0.985063           0           0 -0.00145613           0
          0           0           0           0           0           0
          0           0           0           0           0           0
          0     20.6286           0           0    0.985063           0
          0           0           0           0           0    0.998959

Matrix: X_next_with_dep_B (6x1)
0
0
0
0
0
0

Matrix: C_impulse (14x6)
         0          0          0          0          0          0
         0          0          0          0          0          0
         0          0          0          0          0          0
         0          0          0          0          0          0
         0          0          0          0          0          0
         0          0          0          0          0          0
         0          0          0          0   0.823529          0
         0          0          0          0          0          0
         0          0          0          0  -0.823529          0
         0          0          0          0 -0.0479372          0
         0          0          0          0 -0.0479372          0
         0          0          0          0  0.0479372          0
         0          0          0          0  0.0479372          0
         0          0          0          0          0          0

Matrix: C_non_impulse (14x6)
 0  1  0  0  0  0
 0  0  0  0  0  0
 0  0  0  0  0  0
 0  0  0  0  0  0
 0  0  0  0  0  0
 0  0  0  0  0  0
 0  0  0  0 -1  0
 0  0  0  0  1  0
 0  0  0  0  0  0
 0  0  0  0  0 -1
 0  0  0  0  0  0
 0  0  0  0  0 -1
 0  0  0  0  0  0
 0  0  0  0  0  1

Matrix: D_impulse (14x1)
0
0
0
0
0
0
0
0
0
0
0
0
0
0

Matrix: D_non_impulse (14x1)
0
0
0
0
1
0
0
0
0
0
0
0
0
0

==== Switch Case: 0101 ====

Matrix: C_diode_impulse_sw (2x6)
        0         0 -9.68e-07         0         0         0
        0         0         0         0         0         0

Matrix: C_diode_natural_sw (2x6)
          0           0           0           0 -0.00248561    -1.94815
          0           0           0           1           0           0

Matrix: D_diode_natural_sw (2x1)
0
0

Matrix: C_diode_explicit_der_mult_delta_t_sw (2x6)
           0   -0.0517836            0 -0.000974074  -0.00248561     -1.94612
           0            0            0            1     0.128389     -2.67827

Matrix: D_diode_explicit_der_mult_delta_t_sw (2x1)
0
0

Matrix: x_next_with_dep_A (6x6)
          0    0.929991           0 2.82661e-05  -0.0072931    0.122729
          0    0.929991           0 2.82661e-05  -0.0072931    0.122729
          0           0           0           0           0           0
          0     1.17851           0    0.999395    0.122788    -2.58252
          0     19.9321           0  0.00036354    0.929991     1.17775
          0 0.000363541           0  0.00049955 2.82661e-05    0.998354

Matrix: X_next_with_dep_B (6x1)
0
0
0
0
0
0

Matrix: C_impulse (14x6)
          0           0           0           0           0           0
          0           0           0           0           0           0
          0           0           0           0           0           0
          0           0           0           0           0           0
          0           0           0           0           0           0
          0           0           0           0           0           0
          0           0           0           0   0.0849753     15.4067
          0           0           0           0           0           0
          0           0           0           0  -0.0849753    -15.4067
          0           0           0           0 -0.00248561   -0.948149
          0           0           0           0 -0.00248561   -0.948149
          0           0           0           0           0           0
          0           0           0           0           0           0
          0           0           0           0           0           0

Matrix: C_non_impulse (14x6)
 0  1  0  0  0  0
 0  0  0  0  0  0
 0  0  0  1  0  0
 0  0  0  1  0  0
 0  0  0  0  0  0
 0  0  0  0  0  0
 0  0  0  0 -1  0
 0  0  0  0  1  0
 0  0  0  0  0  0
 0  0  0  0  0 -1
 0  0  0  0  0  0
 0  0  0  0  0  0
 0  0  0  0  0  1
 0  0  0  0  0  1

Matrix: D_impulse (14x1)
0
0
0
0
0
0
0
0
0
0
0
0
0
0

Matrix: D_non_impulse (14x1)
0
0
0
0
1
0
0
0
0
0
0
0
0
0

==== Switch Case: 0110 ====

Matrix: C_diode_impulse_sw (2x6)
       0        0        0        0        0        0
       0        0        0 9.68e-07        0        0

Matrix: C_diode_natural_sw (2x6)
         0          0         -1          0          0          0
         0          0          0          0 0.00248561   -1.94815

Matrix: D_diode_natural_sw (2x1)
0
0

Matrix: C_diode_explicit_der_mult_delta_t_sw (2x6)
          0           0          -1           0   -0.128389    -2.67827
          0   0.0517836 0.000974074           0  0.00248561    -1.94612

Matrix: D_diode_explicit_der_mult_delta_t_sw (2x1)
0
0

Matrix: x_next_with_dep_A (6x6)
           0     0.929991  2.82661e-05            0   -0.0072931    -0.122729
           0     0.929991  2.82661e-05            0   -0.0072931    -0.122729
           0      1.17851     0.999395            0     0.122788      2.58252
           0            0            0            0            0            0
           0      19.9321   0.00036354            0     0.929991     -1.17775
           0 -0.000363541  -0.00049955            0 -2.82661e-05     0.998354

Matrix: X_next_with_dep_B (6x1)
0
0
0
0
0
0

Matrix: C_impulse (14x6)
         0          0          0          0          0          0
         0          0          0          0          0          0
         0          0          0          0          0          0
         0          0          0          0          0          0
         0          0          0          0          0          0
         0          0          0          0          0          0
         0          0          0          0  0.0849753   -15.4067
         0          0          0          0          0          0
         0          0          0          0 -0.0849753    15.4067
         0          0          0          0          0          0
         0          0          0          0          0          0
         0          0          0          0 0.00248561  -0.948149
         0          0          0          0 0.00248561  -0.948149
         0          0          0          0          0          0

Matrix: C_non_impulse (14x6)
 0  1  0  0  0  0
 0  0 -1  0  0  0
 0  0  0  0  0  0
 0  0 -1  0  0  0
 0  0  0  0  0  0
 0  0  0  0  0  0
 0  0  0  0 -1  0
 0  0  0  0  1  0
 0  0  0  0  0  0
 0  0  0  0  0  0
 0  0  0  0  0  1
 0  0  0  0  0 -1
 0  0  0  0  0  0
 0  0  0  0  0  1

Matrix: D_impulse (14x1)
0
0
0
0
0
0
0
0
0
0
0
0
0
0

Matrix: D_non_impulse (14x1)
0
0
0
0
1
0
0
0
0
0
0
0
0
0

==== Switch Case: 0111 ====

Matrix: C_diode_impulse_sw (2x6)
0 0 0 0 0 0
0 0 0 0 0 0

Matrix: C_diode_natural_sw (2x6)
 0  0 -1  0  0  0
 0  0  0  1  0  0

Matrix: D_diode_natural_sw (2x1)
0
0

Matrix: C_diode_explicit_der_mult_delta_t_sw (2x6)
         0          0         -1          0 -0.0659031   -51.6529
         0          0          0          1  0.0659031   -51.6529

Matrix: D_diode_explicit_der_mult_delta_t_sw (2x1)
0
0

Matrix: x_next_with_dep_A (6x6)
           0     0.928612            0            0  -0.00744586            0
           0     0.928612            0            0  -0.00744586            0
           0     0.604017     0.987629    0.0123708    0.0629997      50.7946
           0     0.604017    0.0123708     0.987629    0.0629997     -50.7946
           0      19.9155            0            0     0.928612            0
           0 -3.25492e-12 -0.000491691  0.000491691 -4.79269e-13     0.974234

Matrix: X_next_with_dep_B (6x1)
0
0
0
0
0
0

Matrix: C_impulse (14x6)
         0          0          0          0          0          0
         0          0          0          0          0          0
         0          0          0          0          0          0
         0          0          0          0          0          0
         0          0          0          0          0          0
         0          0          0          0          0          0
         0          0          0          0  0.0653181          0
         0          0          0          0          0          0
         0          0          0          0 -0.0653181          0
         0          0          0          0          0          0
         0          0          0          0          0          0
         0          0          0          0          0          0
         0          0          0          0          0          0
         0          0          0          0          0          0

Matrix: C_non_impulse (14x6)
 0  1  0  0  0  0
 0  0 -1  0  0  0
 0  0  0  1  0  0
 0  0 -1  1  0  0
 0  0  0  0  0  0
 0  0  0  0  0  0
 0  0  0  0 -1  0
 0  0  0  0  1  0
 0  0  0  0  0  0
 0  0  0  0  0  0
 0  0  0  0  0  1
 0  0  0  0  0  0
 0  0  0  0  0  1
 0  0  0  0  0  1

Matrix: D_impulse (14x1)
0
0
0
0
0
0
0
0
0
0
0
0
0
0

Matrix: D_non_impulse (14x1)
0
0
0
0
1
0
0
0
0
0
0
0
0
0

==== Switch Case: 1000 ====

Matrix: C_diode_impulse_sw (2x6)
          0           0   -9.68e-07 -9.5832e-07           0           0
          0           0  9.5832e-07    9.68e-07           0           0

Matrix: C_diode_natural_sw (2x6)
         0          0          0          0 -0.0479372         -1
         0          0          0          0  0.0479372         -1

Matrix: D_diode_natural_sw (2x1)
 0.0479372
-0.0479372

Matrix: C_diode_explicit_der_mult_delta_t_sw (2x6)
         0  -0.998692          0          0 -0.0479372  -0.998958
         0   0.998692          0          0  0.0479372  -0.998958

Matrix: D_diode_explicit_der_mult_delta_t_sw (2x1)
 0.0479372
-0.0479372

Matrix: x_next_with_dep_A (6x6)
          0    0.985063           0           0 -0.00145613           0
          0    0.985063           0           0 -0.00145613           0
          0           0           0           0           0           0
          0           0           0           0           0           0
          0     20.6286           0           0    0.985063           0
          0           0           0           0           0    0.998959

Matrix: X_next_with_dep_B (6x1)
0.00145613
0.00145613
         0
         0
 0.0149365
         0

Matrix: C_impulse (14x6)
         0          0          0          0          0          0
         0          0          0          0          0          0
         0          0          0          0          0          0
         0          0          0          0          0          0
         0          0          0          0          0          0
         0          0          0          0          0          0
         0          0          0          0   0.823529          0
         0          0          0          0          0          0
         0          0          0          0  -0.823529          0
         0          0          0          0 -0.0479372          0
         0          0          0          0 -0.0479372          0
         0          0          0          0  0.0479372          0
         0          0          0          0  0.0479372          0
         0          0          0          0          0          0

Matrix: C_non_impulse (14x6)
 0  1  0  0  0  0
 0  0  0  0  0  0
 0  0  0  0  0  0
 0  0  0  0  0  0
 0  0  0  0  0  0
 0  0  0  0  0  0
 0  0  0  0 -1  0
 0  0  0  0  1  0
 0  0  0  0  0  0
 0  0  0  0  0 -1
 0  0  0  0  0  0
 0  0  0  0  0 -1
 0  0  0  0  0  0
 0  0  0  0  0  1

Matrix: D_impulse (14x1)
         0
         0
         0
         0
         0
         0
 -0.823529
         0
  0.823529
 0.0479372
 0.0479372
-0.0479372
-0.0479372
         0

Matrix: D_non_impulse (14x1)
0
0
0
0
0
1
1
0
0
0
0
0
0
0

==== Switch Case: 1001 ====

Matrix: C_diode_impulse_sw (2x6)
        0         0 -9.68e-07         0         0         0
        0         0         0         0         0         0

Matrix: C_diode_natural_sw (2x6)
          0           0           0           0 -0.00248561    -1.94815
          0           0           0           1           0           0

Matrix: D_diode_natural_sw (2x1)
0.00248561
         0

Matrix: C_diode_explicit_der_mult_delta_t_sw (2x6)
           0   -0.0517836            0 -0.000974074  -0.00248561     -1.94612
           0            0            0            1     0.128389     -2.67827

Matrix: D_diode_explicit_der_mult_delta_t_sw (2x1)
0.00248561
 -0.128389

Matrix: x_next_with_dep_A (6x6)
          0    0.929991           0 2.82661e-05  -0.0072931    0.122729
          0    0.929991           0 2.82661e-05  -0.0072931    0.122729
          0           0           0           0           0           0
          0     1.17851           0    0.999395    0.122788    -2.58252
          0     19.9321           0  0.00036354    0.929991     1.17775
          0 0.000363541           0  0.00049955 2.82661e-05    0.998354

Matrix: X_next_with_dep_B (6x1)
   0.0072931
   0.0072931
           0
   -0.122788
   0.0700086
-2.82661e-05

Matrix: C_impulse (14x6)
          0           0           0           0           0           0
          0           0           0           0           0           0
          0           0           0           0           0           0
          0           0           0           0           0           0
          0           0           0           0           0           0
          0           0           0           0           0           0
          0           0           0           0   0.0849753     15.4067
          0           0           0           0           0           0
          0           0           0           0  -0.0849753    -15.4067
          0           0           0           0 -0.00248561   -0.948149
          0           0           0           0 -0.00248561   -0.948149
          0           0           0           0           0           0
          0           0           0           0           0           0
          0           0           0           0           0           0

Matrix: C_non_impulse (14x6)
 0  1  0  0  0  0
 0  0  0  0  0  0
 0  0  0  1  0  0
 0  0  0  1  0  0
 0  0  0  0  0  0
 0  0  0  0  0  0
 0  0  0  0 -1  0
 0  0  0  0  1  0
 0  0  0  0  0  0
 0  0  0  0  0 -1
 0  0  0  0  0  0
 0  0  0  0  0  0
 0  0  0  0  0  1
 0  0  0  0  0  1

Matrix: D_impulse (14x1)
         0
         0
         0
         0
         0
         0
-0.0849753
         0
 0.0849753
0.00248561
0.00248561
         0
         0
         0

Matrix: D_non_impulse (14x1)
0
0
0
0
0
1
1
0
0
0
0
0
0
0

==== Switch Case: 1010 ====

Matrix: C_diode_impulse_sw (2x6)
       0        0        0        0        0        0
       0        0        0 9.68e-07        0        0

Matrix: C_diode_natural_sw (2x6)
         0          0         -1          0          0          0
         0          0          0          0 0.00248561   -1.94815

Matrix: D_diode_natural_sw (2x1)
          0
-0.00248561

Matrix: C_diode_explicit_der_mult_delta_t_sw (2x6)
          0           0          -1           0   -0.128389    -2.67827
          0   0.0517836 0.000974074           0  0.00248561    -1.94612

Matrix: D_diode_explicit_der_mult_delta_t_sw (2x1)
   0.128389
-0.00248561

Matrix: x_next_with_dep_A (6x6)
           0     0.929991  2.82661e-05            0   -0.0072931    -0.122729
           0     0.929991  2.82661e-05            0   -0.0072931    -0.122729
           0      1.17851     0.999395            0     0.122788      2.58252
           0            0            0            0            0            0
           0      19.9321   0.00036354            0     0.929991     -1.17775
           0 -0.000363541  -0.00049955            0 -2.82661e-05     0.998354

Matrix: X_next_with_dep_B (6x1)
  0.0072931
  0.0072931
  -0.122788
          0
  0.0700086
2.82661e-05

Matrix: C_impulse (14x6)
         0          0          0          0          0          0
         0          0          0          0          0          0
         0          0          0          0          0          0
         0          0          0          0          0          0
         0          0          0          0          0          0
         0          0          0          0          0          0
         0          0          0          0  0.0849753   -15.4067
         0          0          0          0          0          0
         0          0          0          0 -0.0849753    15.4067
         0          0          0          0          0          0
         0          0          0          0          0          0
         0          0          0          0 0.00248561  -0.948149
         0          0          0          0 0.00248561  -0.948149
         0          0          0          0          0          0

Matrix: C_non_impulse (14x6)
 0  1  0  0  0  0
 0  0 -1  0  0  0
 0  0  0  0  0  0
 0  0 -1  0  0  0
 0  0  0  0  0  0
 0  0  0  0  0  0
 0  0  0  0 -1  0
 0  0  0  0  1  0
 0  0  0  0  0  0
 0  0  0  0  0  0
 0  0  0  0  0  1
 0  0  0  0  0 -1
 0  0  0  0  0  0
 0  0  0  0  0  1

Matrix: D_impulse (14x1)
          0
          0
          0
          0
          0
          0
 -0.0849753
          0
  0.0849753
          0
          0
-0.00248561
-0.00248561
          0

Matrix: D_non_impulse (14x1)
0
0
0
0
0
1
1
0
0
0
0
0
0
0

==== Switch Case: 1011 ====

Matrix: C_diode_impulse_sw (2x6)
0 0 0 0 0 0
0 0 0 0 0 0

Matrix: C_diode_natural_sw (2x6)
 0  0 -1  0  0  0
 0  0  0  1  0  0

Matrix: D_diode_natural_sw (2x1)
0
0

Matrix: C_diode_explicit_der_mult_delta_t_sw (2x6)
         0          0         -1          0 -0.0659031   -51.6529
         0          0          0          1  0.0659031   -51.6529

Matrix: D_diode_explicit_der_mult_delta_t_sw (2x1)
 0.0659031
-0.0659031

Matrix: x_next_with_dep_A (6x6)
           0     0.928612            0            0  -0.00744586            0
           0     0.928612            0            0  -0.00744586            0
           0     0.604017     0.987629    0.0123708    0.0629997      50.7946
           0     0.604017    0.0123708     0.987629    0.0629997     -50.7946
           0      19.9155            0            0     0.928612            0
           0 -3.25492e-12 -0.000491691  0.000491691 -4.79269e-13     0.974234

Matrix: X_next_with_dep_B (6x1)
 0.00744586
 0.00744586
 -0.0629997
 -0.0629997
  0.0713881
2.37348e-14

Matrix: C_impulse (14x6)
         0          0          0          0          0          0
         0          0          0          0          0          0
         0          0          0          0          0          0
         0          0          0          0          0          0
         0          0          0          0          0          0
         0          0          0          0          0          0
         0          0          0          0  0.0653181          0
         0          0          0          0          0          0
         0          0          0          0 -0.0653181          0
         0          0          0          0          0          0
         0          0          0          0          0          0
         0          0          0          0          0          0
         0          0          0          0          0          0
         0          0          0          0          0          0

Matrix: C_non_impulse (14x6)
 0  1  0  0  0  0
 0  0 -1  0  0  0
 0  0  0  1  0  0
 0  0 -1  1  0  0
 0  0  0  0  0  0
 0  0  0  0  0  0
 0  0  0  0 -1  0
 0  0  0  0  1  0
 0  0  0  0  0  0
 0  0  0  0  0  0
 0  0  0  0  0  1
 0  0  0  0  0  0
 0  0  0  0  0  1
 0  0  0  0  0  1

Matrix: D_impulse (14x1)
         0
         0
         0
         0
         0
         0
-0.0653181
         0
 0.0653181
         0
         0
         0
         0
         0

Matrix: D_non_impulse (14x1)
0
0
0
0
0
1
1
0
0
0
0
0
0
0

==== Switch Case: 1100 ====

Matrix: C_diode_impulse_sw (2x6)
          0           0   -9.68e-07 -9.5832e-07           0           0
          0           0  9.5832e-07    9.68e-07           0           0

Matrix: C_diode_natural_sw (2x6)
         0          0          0          0 -0.0479372         -1
         0          0          0          0  0.0479372         -1

Matrix: D_diode_natural_sw (2x1)
0
0

Matrix: C_diode_explicit_der_mult_delta_t_sw (2x6)
         0  -0.998692          0          0 -0.0479372  -0.998958
         0   0.998692          0          0  0.0479372  -0.998958

Matrix: D_diode_explicit_der_mult_delta_t_sw (2x1)
0
0

Matrix: x_next_with_dep_A (6x6)
          0    0.985063           0           0 -0.00145613           0
          0    0.985063           0           0 -0.00145613           0
          0           0           0           0           0           0
          0           0           0           0           0           0
          0     20.6286           0           0    0.985063           0
          0           0           0           0           0    0.998959

Matrix: X_next_with_dep_B (6x1)
0
0
0
0
0
0

Matrix: C_impulse (14x6)
         0          0          0          0          0          0
         0          0          0          0          0          0
         0          0          0          0          0          0
         0          0          0          0          0          0
         0          0          0          0          0          0
         0          0          0          0          0          0
         0          0          0          0   0.823529          0
         0          0          0          0          0          0
         0          0          0          0  -0.823529          0
         0          0          0          0 -0.0479372          0
         0          0          0          0 -0.0479372          0
         0          0          0          0  0.0479372          0
         0          0          0          0  0.0479372          0
         0          0          0          0          0          0

Matrix: C_non_impulse (14x6)
 0  1  0  0  0  0
 0  0  0  0  0  0
 0  0  0  0  0  0
 0  0  0  0  0  0
 0  0  0  0  0  0
 0  0  0  0  0  0
 0  0  0  0 -1  0
 0  0  0  0  1  0
 0  0  0  0  0  0
 0  0  0  0  0 -1
 0  0  0  0  0  0
 0  0  0  0  0 -1
 0  0  0  0  0  0
 0  0  0  0  0  1

Matrix: D_impulse (14x1)
0
0
0
0
0
0
0
0
0
0
0
0
0
0

Matrix: D_non_impulse (14x1)
0
0
0
0
1
0
0
0
0
0
0
0
0
0

==== Switch Case: 1101 ====

Matrix: C_diode_impulse_sw (2x6)
        0         0 -9.68e-07         0         0         0
        0         0         0         0         0         0

Matrix: C_diode_natural_sw (2x6)
          0           0           0           0 -0.00248561    -1.94815
          0           0           0           1           0           0

Matrix: D_diode_natural_sw (2x1)
0
0

Matrix: C_diode_explicit_der_mult_delta_t_sw (2x6)
           0   -0.0517836            0 -0.000974074  -0.00248561     -1.94612
           0            0            0            1     0.128389     -2.67827

Matrix: D_diode_explicit_der_mult_delta_t_sw (2x1)
0
0

Matrix: x_next_with_dep_A (6x6)
          0    0.929991           0 2.82661e-05  -0.0072931    0.122729
          0    0.929991           0 2.82661e-05  -0.0072931    0.122729
          0           0           0           0           0           0
          0     1.17851           0    0.999395    0.122788    -2.58252
          0     19.9321           0  0.00036354    0.929991     1.17775
          0 0.000363541           0  0.00049955 2.82661e-05    0.998354

Matrix: X_next_with_dep_B (6x1)
0
0
0
0
0
0

Matrix: C_impulse (14x6)
          0           0           0           0           0           0
          0           0           0           0           0           0
          0           0           0           0           0           0
          0           0           0           0           0           0
          0           0           0           0           0           0
          0           0           0           0           0           0
          0           0           0           0   0.0849753     15.4067
          0           0           0           0           0           0
          0           0           0           0  -0.0849753    -15.4067
          0           0           0           0 -0.00248561   -0.948149
          0           0           0           0 -0.00248561   -0.948149
          0           0           0           0           0           0
          0           0           0           0           0           0
          0           0           0           0           0           0

Matrix: C_non_impulse (14x6)
 0  1  0  0  0  0
 0  0  0  0  0  0
 0  0  0  1  0  0
 0  0  0  1  0  0
 0  0  0  0  0  0
 0  0  0  0  0  0
 0  0  0  0 -1  0
 0  0  0  0  1  0
 0  0  0  0  0  0
 0  0  0  0  0 -1
 0  0  0  0  0  0
 0  0  0  0  0  0
 0  0  0  0  0  1
 0  0  0  0  0  1

Matrix: D_impulse (14x1)
0
0
0
0
0
0
0
0
0
0
0
0
0
0

Matrix: D_non_impulse (14x1)
0
0
0
0
1
0
0
0
0
0
0
0
0
0

==== Switch Case: 1110 ====

Matrix: C_diode_impulse_sw (2x6)
       0        0        0        0        0        0
       0        0        0 9.68e-07        0        0

Matrix: C_diode_natural_sw (2x6)
         0          0         -1          0          0          0
         0          0          0          0 0.00248561   -1.94815

Matrix: D_diode_natural_sw (2x1)
0
0

Matrix: C_diode_explicit_der_mult_delta_t_sw (2x6)
          0           0          -1           0   -0.128389    -2.67827
          0   0.0517836 0.000974074           0  0.00248561    -1.94612

Matrix: D_diode_explicit_der_mult_delta_t_sw (2x1)
0
0

Matrix: x_next_with_dep_A (6x6)
           0     0.929991  2.82661e-05            0   -0.0072931    -0.122729
           0     0.929991  2.82661e-05            0   -0.0072931    -0.122729
           0      1.17851     0.999395            0     0.122788      2.58252
           0            0            0            0            0            0
           0      19.9321   0.00036354            0     0.929991     -1.17775
           0 -0.000363541  -0.00049955            0 -2.82661e-05     0.998354

Matrix: X_next_with_dep_B (6x1)
0
0
0
0
0
0

Matrix: C_impulse (14x6)
         0          0          0          0          0          0
         0          0          0          0          0          0
         0          0          0          0          0          0
         0          0          0          0          0          0
         0          0          0          0          0          0
         0          0          0          0          0          0
         0          0          0          0  0.0849753   -15.4067
         0          0          0          0          0          0
         0          0          0          0 -0.0849753    15.4067
         0          0          0          0          0          0
         0          0          0          0          0          0
         0          0          0          0 0.00248561  -0.948149
         0          0          0          0 0.00248561  -0.948149
         0          0          0          0          0          0

Matrix: C_non_impulse (14x6)
 0  1  0  0  0  0
 0  0 -1  0  0  0
 0  0  0  0  0  0
 0  0 -1  0  0  0
 0  0  0  0  0  0
 0  0  0  0  0  0
 0  0  0  0 -1  0
 0  0  0  0  1  0
 0  0  0  0  0  0
 0  0  0  0  0  0
 0  0  0  0  0  1
 0  0  0  0  0 -1
 0  0  0  0  0  0
 0  0  0  0  0  1

Matrix: D_impulse (14x1)
0
0
0
0
0
0
0
0
0
0
0
0
0
0

Matrix: D_non_impulse (14x1)
0
0
0
0
1
0
0
0
0
0
0
0
0
0

==== Switch Case: 1111 ====

Matrix: C_diode_impulse_sw (2x6)
0 0 0 0 0 0
0 0 0 0 0 0

Matrix: C_diode_natural_sw (2x6)
 0  0 -1  0  0  0
 0  0  0  1  0  0

Matrix: D_diode_natural_sw (2x1)
0
0

Matrix: C_diode_explicit_der_mult_delta_t_sw (2x6)
         0          0         -1          0 -0.0659031   -51.6529
         0          0          0          1  0.0659031   -51.6529

Matrix: D_diode_explicit_der_mult_delta_t_sw (2x1)
0
0

Matrix: x_next_with_dep_A (6x6)
           0     0.928612            0            0  -0.00744586            0
           0     0.928612            0            0  -0.00744586            0
           0     0.604017     0.987629    0.0123708    0.0629997      50.7946
           0     0.604017    0.0123708     0.987629    0.0629997     -50.7946
           0      19.9155            0            0     0.928612            0
           0 -3.25492e-12 -0.000491691  0.000491691 -4.79269e-13     0.974234

Matrix: X_next_with_dep_B (6x1)
0
0
0
0
0
0

Matrix: C_impulse (14x6)
         0          0          0          0          0          0
         0          0          0          0          0          0
         0          0          0          0          0          0
         0          0          0          0          0          0
         0          0          0          0          0          0
         0          0          0          0          0          0
         0          0          0          0  0.0653181          0
         0          0          0          0          0          0
         0          0          0          0 -0.0653181          0
         0          0          0          0          0          0
         0          0          0          0          0          0
         0          0          0          0          0          0
         0          0          0          0          0          0
         0          0          0          0          0          0

Matrix: C_non_impulse (14x6)
 0  1  0  0  0  0
 0  0 -1  0  0  0
 0  0  0  1  0  0
 0  0 -1  1  0  0
 0  0  0  0  0  0
 0  0  0  0  0  0
 0  0  0  0 -1  0
 0  0  0  0  1  0
 0  0  0  0  0  0
 0  0  0  0  0  0
 0  0  0  0  0  1
 0  0  0  0  0  0
 0  0  0  0  0  1
 0  0  0  0  0  1

Matrix: D_impulse (14x1)
0
0
0
0
0
0
0
0
0
0
0
0
0
0

Matrix: D_non_impulse (14x1)
0
0
0
0
1
0
0
0
0
0
0
0
0
0

=== Input Data (u_record) ===
Dataset: V_Vin
Values: 1000, 1000, 1000, 1000, 1000, 1000, 1000, 1000, 1000, 1000, 1000, 1000, ... [truncated]

=== Switch/Diode Status ===
Dataset: state
Values: 8, 10, 10, 10, 10, 10, 10, 11, 11, 11, 5, 5, ... [truncated]

=== Switch States ===
Dataset: S1
Values: 1, 1, 1, 1, 1, 1, 1, 1, 1, 1, 0, 0, ... [truncated]
Dataset: S2
Values: 0, 0, 0, 0, 0, 0, 0, 0, 0, 0, 1, 1, ... [truncated]
